2
6
8
10
12
36
39
40
41
42
43
44
45
46
47
48
50
52
53
54
56
58
60
62
64
66
68
70
72
2
6
2
6
2
6
8
2
6
8
2
6
8
10
12
2
6
8
10
12
36
39
40
41
42
43
44
45
46
47
48
50
52
53
54
56
58
60
62
64
2
6
8
10
12
36
39
40
41
42
43
44
45
46
47
48
50
52
53
54
56
58
60
62
64
66
68
70
72
2
6
8
10
12
2
2
6
8
2
6
8
10
12
36
39
40
41
42
43
44
45
46
47
48
50
52
53
54
56
58
60
62
64
66
68
70
72
2
6
8
10
12
36
39
40
41
42
43
44
45
46
47
48
50
52
53
54
56
58
60
62
64
66
68
70
72
2
6
8
10
12
36
39
40
41
2
2
6
8
10
12
36
39
40
41
42
43
44
45
46
47
48
50
52
53
54
56
58
60
62
64
66
68
70
72
2
6
8
10
12
36
39
40
41
42
2
6
8
10
12
36
39
40
41
2
6
8
10
12
36
39
2
6
8
10
12
2
6
8
10
12
36
39
40
41
42
43
44
45
46
47
48
50
52
53
54
56
58
60
62
64
66
68
70
72
2
6
8
10
12
2
6
8
10
12
36
39
40
41
42
43
44
45
46
47
48
50
52
53
54
2
6
2
6
8
10
12
2
2
6
8
10
2
6
8
10
12
36
39
40
41
2
6
8
10
12
36
2
6
8
10
12
2
6
8
10
12
2
6
8
10
12
36
39
40
41
42
43
44
45
46
47
48
50
52
53
54
56
58
60
62
64
66
68
70
72
2
6
8
10
12
2
6
8
10
12
36
39
40
41
42
43
44
45
46
47
2
2
2
2
6
8
10
12
36
39
40
41
42
43
44
45
46
47
48
50
52
53
54
56
58
60
62
64
66
68
70
72
2
6
8
10
12
36
39
40
41
42
43
44
45
46
47
48
50
52
53
54
56
58
60
62
64
66
68
70
72
